	brand	rarity	year
0	Adidas	1.9166666666699999	2017
1	Adidas	1.3	2017
2	Jordan	1.03684210526	2017
3	Adidas	6.27272727273	2017
4	Jordan	1.36363636364	2017
5	Jordan	1.1842105263200002	2017
6	Adidas	1.36666666667	2017
7	Jordan	1.18857142857	2017
8	Jordan	1.2210526315799999	2017
9	Jordan	1.12	2017
10	Jordan	1.665	2017
11	Jordan	1.0772727272700002	2016
12	Adidas	1.9294117647099998	2015
13	Nike	1.5705882352899998	2016
14	Jordan	1.25263157895	2017
15	Adidas	2.40909090909	2017
16	Jordan	1.26857142857	2017
17	Adidas	1.36428571429	2017
18	Adidas	1.39285714286	2017
19	Jordan	1.04736842105	2017
20	Jordan	1.47272727273	2016
21	Adidas	1.42307692308	2017
22	Jordan	1.01714285714	2017
23	Nike	1.66875	2017
24	Adidas	2.4863636363599997	2017
25	Adidas	1.11	2017
26	Adidas	1.3	2017
27	Jordan	1.56315789474	2016
28	Adidas	1.25882352941	2017
29	Adidas	1.22	2017
30	Jordan	1.436	2017
31	Adidas	2.27777777778	2017
32	Adidas	3.9090909090900006	2016
33	Nike	1.475	2017
34	Adidas	1.06	2017
35	Adidas	1.2166666666700001	2016
36	Adidas	1.4571428571399998	2017
37	Nike	1.32105263158	2017
38	Jordan	0.75	2016
39	Jordan	1.4	2017
40	Jordan	1.45882352941	2016
41	Adidas	2.27333333333	2017
42	Jordan	1.2363636363600001	2016
43	Jordan	1.1736842105299998	2017
44	Adidas	1.3176470588200002	2017
45	Adidas	1.2	2017
46	Adidas	1.50588235294	2016
47	Nike	2.12105263158	2017
48	Jordan	1.98125	2016
49	Adidas	1.21176470588	2017
50	Adidas	1.025	2017
51	Jordan	1.775	2016
52	Adidas	1.3	2017
53	Jordan	2.6711111111099997	2017
54	Jordan	1.595	2014
55	Jordan	0.873684210526	2017
56	Adidas	1.37777777778	2017
57	Nike	1.35263157895	2017
58	Nike	1.2666666666700002	2017
59	Jordan	1.0	2017
60	Jordan	1.47272727273	2016
61	Adidas	1.60714285714	2016
62	Adidas	3.4181818181800003	2016
63	Adidas	1.33888888889	2017
64	Jordan	1.46842105263	2016
65	Jordan	1.35263157895	2015
66	Adidas	1.325	2017
67	Adidas	1.20769230769	2017
68	Jordan	1.1631578947399999	2016
69	Adidas	2.76818181818	2016
70	Jordan	1.06842105263	2015
71	Jordan	1.8647058823500002	2015
72	Jordan	1.2333333333299998	2017
73	Jordan	1.51176470588	2016
74	Adidas	2.71111111111	2017
75	Adidas	1.2	2017
76	Jordan	1.85263157895	2016
77	Adidas	1.23888888889	2017
78	Jordan	1.14285714286	2017
79	Adidas	1.82142857143	2016
80	Adidas	1.275	2017
81	Adidas	1.53	2017
82	Jordan	2.4594594594599997	2013
83	Adidas	2.67647058824	2016
84	Adidas	1.4166666666699999	2016
85	Jordan	1.5470588235299998	2016
86	Adidas	1.315	2017
87	Nike	3.22666666667	2017
88	Nike	1.325	2017
89	Adidas	1.41111111111	2017
90	Adidas	1.31538461538	2017
91	Jordan	1.14210526316	2016
92	Jordan	1.42272727273	2015
93	Jordan	1.48947368421	2017
94	Adidas	1.66470588235	2016
95	Jordan	1.8625	2017
96	Nike	1.38235294118	2017
97	Adidas	1.19230769231	2017
98	Jordan	1.4526315789500002	2016
99	Adidas	1.62352941176	2016
100	Adidas	2.71363636364	2017
101	Nike	1.37857142857	2017
102	Jordan	1.4315789473700002	2015
103	Jordan	1.3578947368399998	2015
104	Adidas	1.2666666666700002	2016
105	Adidas	1.0857142857100002	2017
106	Adidas	1.80909090909	2017
107	Jordan	0.9111111111110001	2017
108	Jordan	1.38421052632	2017
109	Adidas	1.99444444444	2016
110	Jordan	2.51333333333	2014
111	Jordan	1.3368421052600001	2015
112	Jordan	1.1947368421100002	2016
113	Adidas	1.825	2017
114	Nike	2.22631578947	2017
115	Jordan	1.49411764706	2014
116	Jordan	1.25909090909	2015
117	Jordan	1.02105263158	2016
118	Adidas	1.07777777778	2016
119	Adidas	1.6	2016
120	Adidas	1.3166666666700002	2017
121	Jordan	4.5657142857099995	2017
122	Adidas	1.31875	2017
123	Adidas	2.06	2017
124	Adidas	1.47222222222	2015
125	Adidas	1.20625	2017
126	Adidas	1.33	2017
127	Jordan	3.01666666667	2012
128	Nike	1.4649122807	2017
129	Nike	1.14782608696	2017
130	Adidas	1.12222222222	2017
131	Jordan	0.941176470588	2016
132	Adidas	1.85	2016
133	Jordan	2.01764705882	2014
134	Nike	1.525	2017
135	Nike	1.57222222222	2017
136	Nike	1.61714285714	2017
137	Adidas	1.6	2016
138	Jordan	1.9375	2016
139	Nike	1.03043478261	2017
140	Adidas	1.055	2017
141	Jordan	2.56875	2012
142	Adidas	1.2666666666700002	2016
143	Jordan	0.456	2017
144	Jordan	0.85625	2017
145	Jordan	1.40625	2015
146	Jordan	1.68823529412	2015
147	Adidas	7.08	2015
148	Jordan	1.4421052631600002	2016
149	Jordan	0.9421052631579999	2016
150	Jordan	3.16	2011
151	Nike	1.52727272727	2017
152	Adidas	1.42857142857	2017
153	Jordan	0.80625	2016
154	Nike	1.16	2016
155	Jordan	0.632727272727	2016
156	Jordan	3.28125	2015
157	Nike	0.9478260869570001	2017
158	Jordan	1.8294117647099999	2013
159	Nike	1.8	2017
160	Jordan	1.36315789474	2016
161	Adidas	1.43888888889	2016
162	Adidas	7.71	2015
163	Adidas	1.28823529412	2017
164	Nike	1.2470588235299997	2017
165	Jordan	2.75	2015
166	Jordan	1.4	2017
167	Adidas	1.2	2017
168	Adidas	1.28	2016
169	Adidas	1.2333333333299998	2017
170	Adidas	1.0571428571400001	2016
171	Adidas	1.3214285714299998	2017
172	Nike	1.2133333333299998	2015
173	Jordan	1.7513513513499999	2014
174	Nike	1.2133333333299998	2017
175	Adidas	1.44	2016
176	Adidas	1.5428571428600002	2016
177	Nike	1.96	2015
178	Jordan	1.1257142857100002	2015
179	Jordan	1.385	2016
180	Adidas	1.45	2017
181	Adidas	1.19411764706	2016
182	Jordan	3.33333333333	2016
183	Jordan	1.2210526315799999	2016
184	Adidas	0.662857142857	2016
185	Adidas	1.20666666667	2016
186	Jordan	0.952631578947	2016
187	Adidas	1.36666666667	2017
188	Adidas	1.4307692307700002	2017
189	Jordan	1.63125	2013
190	Adidas	1.425	2016
191	Jordan	1.46470588235	2014
192	Jordan	1.64375	2013
193	Jordan	1.432	2016
194	Adidas	1.9888888888900003	2016
195	Jordan	1.885	2014
196	Jordan	0.994736842105	2016
197	Adidas	1.32	2017
198	Adidas	1.55294117647	2016
199	Nike	1.3428571428600002	2017
200	Jordan	1.175	2016
201	Nike	2.7384615384599997	2015
202	Adidas	1.35	2017
203	Jordan	1.01052631579	2017
204	Adidas	1.4307692307700002	2017
205	Jordan	1.335	2016
206	Jordan	0.889473684211	2016
207	Adidas	1.4384615384600001	2017
208	Adidas	1.55833333333	2016
209	Jordan	1.09375	2015
210	Jordan	1.05789473684	2015
211	Nike	1.49333333333	2015
212	Nike	2.25263157895	2017
213	Adidas	1.41111111111	2016
214	Jordan	1.1052631578899998	2017
215	Jordan	1.5470588235299998	2014
216	Jordan	0.9840000000000001	2016
217	Adidas	2.045	2017
218	Jordan	1.52105263158	2016
219	Jordan	2.60101010101	2015
220	Adidas	1.5818181818200001	2017
221	Adidas	1.27692307692	2017
222	Jordan	1.64375	2013
223	Jordan	2.38421052632	2016
224	Nike	1.32173913043	2016
225	Adidas	1.42222222222	2015
226	Nike	1.51428571429	2017
227	Adidas	1.52307692308	2016
228	Jordan	1.28947368421	2015
229	Jordan	1.68965517241	2014
230	Nike	1.4	2017
231	Adidas	1.9	2016
232	Adidas	1.32857142857	2017
233	Adidas	1.32	2017
234	Nike	1.3608695652200002	2017
235	Jordan	1.23684210526	2016
236	Jordan	1.00625	2016
237	Jordan	1.1263157894700002	2015
238	Adidas	1.25882352941	2016
239	Nike	1.7538461538499999	2016
240	Adidas	0.9111111111110001	2017
241	Jordan	1.4	2014
242	Jordan	1.77647058824	2014
243	Adidas	1.5894736842100001	2016
244	Jordan	0.864285714286	2016
245	Adidas	1.3428571428600002	2017
246	Adidas	1.44444444444	2016
247	Jordan	1.01578947368	2017
248	Adidas	1.2166666666700001	2017
249	Jordan	0.855	2017
250	Adidas	1.6470588235299999	2016
251	Nike	1.32105263158	2017
252	Adidas	1.535	2017
253	Jordan	1.48125	2013
254	Jordan	1.2	2015
255	Jordan	1.4590909090900002	2016
256	Adidas	11.115	2015
257	Nike	1.1818181818200002	2016
258	Adidas	1.3944444444400002	2017
259	Jordan	2.22222222222	2015
260	Adidas	1.94166666667	2016
261	Jordan	2.325	2011
262	Jordan	1.3176470588200002	2014
263	Adidas	1.675	2016
264	Adidas	1.675	2016
265	Adidas	1.62307692308	2016
266	Adidas	1.2055555555600002	2017
267	Jordan	2.22666666667	2014
268	Nike	0.825	2016
269	Adidas	1.01538461538	2016
270	Adidas	1.285	2016
271	Nike	1.66060606061	2017
272	Adidas	1.6	2016
273	Jordan	0.988571428571	2016
274	Adidas	1.37222222222	2017
275	Nike	1.22	2017
276	Adidas	0.813333333333	2016
277	Jordan	0.8421052631579999	2016
278	Nike	0.95	2015
279	Nike	0.413043478261	2015
280	Jordan	1.064	2015
281	Nike	1.8	2017
282	Nike	1.16956521739	2016
283	Nike	1.284	2016
284	Adidas	2.42727272727	2016
285	Jordan	0.821428571429	2016
286	Nike	1.31428571429	2017
287	Jordan	1.3225	2016
288	Jordan	0.957894736842	2016
289	Nike	1.2133333333299998	2017
290	Adidas	2.6	2016
291	Jordan	3.56571428571	2016
292	Jordan	1.45882352941	2014
293	Jordan	2.46875	2016
294	Adidas	1.2333333333299998	2017
295	Adidas	1.30588235294	2016
296	Nike	1.252	2015
297	Nike	1.68571428571	2015
298	Nike	2.62222222222	2015
299	Jordan	2.1125	2012
300	Jordan	1.18	2015
301	Adidas	1.51428571429	2016
302	Jordan	1.59411764706	2014
303	Adidas	2.15	2016
304	Adidas	1.13888888889	2016
305	Jordan	1.264	2016
306	Jordan	1.26	2015
307	Nike	0.88	2016
308	Nike	0.713513513514	2017
309	Adidas	1.12	2017
310	Jordan	0.65625	2016
311	Jordan	2.22857142857	2014
312	Jordan	3.04571428571	2010
313	Jordan	1.20833333333	2016
314	Jordan	1.22941176471	2017
315	Adidas	1.34	2016
316	Nike	1.0538461538500001	2016
317	Jordan	0.45666666666699995	2017
318	Jordan	1.00526315789	2015
319	Nike	0.9933333333329999	2017
320	Jordan	0.93125	2006
321	Jordan	2.0588235294099997	2013
322	Jordan	1.09473684211	2016
323	Adidas	1.1555555555600001	2016
324	Jordan	1.05882352941	2017
325	Jordan	1.1875	2015
326	Adidas	1.22222222222	2017
327	Jordan	0.9421052631579999	2015
328	Jordan	1.1157894736799998	2015
329	Jordan	1.365	2017
330	Nike	5.25882352941	2013
331	Adidas	4.96666666667	2016
332	Adidas	1.625	2016
333	Adidas	1.2375	2017
334	Jordan	1.33157894737	2015
335	Adidas	1.4166666666699999	2016
336	Jordan	2.38823529412	2013
337	Jordan	1.02105263158	2016
338	Jordan	0.778947368421	2016
339	Jordan	1.6975	2016
340	Jordan	4.85	2013
341	Adidas	1.2781065088799999	2016
342	Jordan	1.20769230769	2016
343	Jordan	1.7705882352900002	2014
344	Adidas	0.654347826087	2017
345	Jordan	1.2142857142899999	2014
346	Adidas	1.22222222222	2016
347	Adidas	1.22777777778	2016
348	Adidas	1.47333333333	2016
349	Adidas	3.45	2016
350	Jordan	0.8864864864859999	2015
351	Nike	1.50666666667	2017
352	Jordan	2.15333333333	2011
353	Nike	1.32	2014
354	Adidas	1.5692307692299998	2016
355	Jordan	2.05714285714	2014
356	Adidas	1.42	2016
357	Nike	1.2625	2016
358	Jordan	0.8842105263160001	2016
359	Adidas	1.27307692308	2017
360	Adidas	1.52	2017
361	Jordan	1.6	2015
362	Adidas	1.7153846153799999	2016
363	Nike	1.8571428571400002	2016
364	Adidas	0.964285714286	2017
365	Jordan	1.1785714285700002	2017
366	Nike	1.7933333333300001	2016
367	Adidas	1.4384615384600001	2017
368	Adidas	0.7466666666670001	2016
369	Nike	0.589473684211	2017
370	Adidas	1.42222222222	2016
371	Jordan	9.16756756757	2014
372	Jordan	1.56428571429	2014
373	Adidas	1.3	2017
374	Jordan	1.1	2017
375	Jordan	0.984210526316	2015
376	Adidas	1.3692307692299999	2017
377	Jordan	1.14838709677	2008
378	Adidas	2.035	2016
379	Adidas	1.335	2016
380	Jordan	1.31052631579	2015
381	Jordan	2.044	2014
382	Nike	1.2272727272700001	2017
383	Nike	0.7105263157889999	2017
384	Nike	1.33333333333	2013
385	Jordan	0.878947368421	2016
386	Adidas	0.902702702703	2017
387	Nike	1.37	2017
388	Nike	2.8083333333300002	2016
389	Adidas	1.7	2016
390	Jordan	0.816	2015
391	Jordan	1.45	2016
392	Nike	1.45	2016
393	Jordan	1.23157894737	2017
394	Adidas	1.5785714285699999	2016
395	Jordan	2.42666666667	2014
396	Jordan	1.41	2016
397	Nike	0.9928571428569999	2014
398	Jordan	1.13333333333	2017
399	Jordan	2.1375	2013
400	Adidas	2.82	2016
401	Jordan	0.95	2016
402	Nike	2.88	2014
403	Nike	0.9384615384620001	2016
404	Adidas	0.677777777778	2016
405	Jordan	1.1079999999999999	2016
406	Adidas	2.3083333333300002	2017
407	Jordan	2.0	2012
408	Nike	1.1034482758600002	2017
409	Jordan	0.9384615384620001	2017
410	Nike	1.54444444444	2017
411	Jordan	1.28857142857	2017
412	Adidas	3.75833333333	2017
413	Jordan	1.45454545455	2016
414	Jordan	0.775	2016
415	Jordan	2.86666666667	2011
416	Jordan	1.99333333333	2015
417	Jordan	3.41714285714	2016
418	Nike	1.05	2017
419	Jordan	1.36	2015
420	Adidas	2.41111111111	2016
421	Jordan	2.7125	2012
422	Jordan	2.06875	2012
423	Nike	1.025	2017
424	Jordan	1.46875	2017
425	Adidas	2.3	2015
426	Adidas	2.3	2015
427	Jordan	1.98823529412	2013
428	Adidas	1.7611111111099997	2015
429	Adidas	4.52	2016
430	Adidas	3.76666666667	2017
431	Nike	1.008	2013
432	Jordan	1.80444444444	2016
433	Nike	3.38333333333	2016
434	Jordan	0.958823529412	2016
435	Adidas	0.925	2017
436	Adidas	1.38	2016
437	Nike	0.786666666667	2016
438	Adidas	2.375	2016
439	Nike	3.5625	2017
440	Adidas	4.15555555556	2016
441	Nike	6.8	2015
442	Adidas	1.30555555556	2016
443	Nike	1.248	2014
444	Nike	2.45714285714	2017
445	Adidas	0.7066666666670001	2016
446	Nike	0.963636363636	2014
447	Nike	1.18260869565	2012
448	Jordan	2.64324324324	2013
449	Jordan	1.39166666667	2016
450	Adidas	1.05	2016
451	Nike	1.11	2017
452	Nike	0.504545454545	2016
453	Jordan	2.03846153846	2014
454	Adidas	1.325	2015
455	Jordan	0.9	2016
456	Jordan	1.58125	2015
457	Nike	1.15217391304	2016
458	Jordan	1.192	2015
459	Nike	0.9875	2017
460	Nike	1.25625	2017
461	Nike	0.98125	2016
462	Adidas	1.31333333333	2017
463	Nike	0.9079999999999999	2016
464	Adidas	1.77222222222	2016
465	Jordan	1.41777777778	2016
466	Nike	0.918518518519	2015
467	Nike	1.5368421052599999	2017
468	Nike	1.6571428571399998	2017
469	Nike	1.49696969697	2017
470	Nike	2.24545454545	2016
471	Jordan	1.205	2017
472	Jordan	2.35	2013
473	Jordan	1.72	2014
474	Adidas	1.17777777778	2017
475	Nike	1.7578947368400002	2017
476	Jordan	1.8054054054099997	2014
477	Adidas	1.36111111111	2016
478	Jordan	2.45625	2013
479	Adidas	2.38181818182	2017
480	Jordan	1.37142857143	2015
481	Adidas	1.0434782608700002	2017
482	Nike	1.195	2013
483	Nike	1.4739130434799999	2015
484	Adidas	1.88333333333	2015
485	Adidas	1.11176470588	2016
486	Nike	1.94375	2017
487	Jordan	1.25	2017
488	Adidas	1.19444444444	2016
489	Adidas	1.2625	2017
490	Jordan	0.784615384615	2015
491	Jordan	1.1052631578899998	2015
492	Nike	1.05	2015
493	Adidas	2.475	2016
494	Nike	0.506666666667	2016
495	Jordan	0.434285714286	2010
496	Jordan	1.24285714286	2013
497	Jordan	2.42352941176	2014
498	Nike	1.65	2012
499	Jordan	3.325	2011
500	Jordan	4.256	2007
501	Nike	1.36666666667	2017
502	Adidas	4.07142857143	2016
503	Adidas	1.39375	2016
504	Nike	0.892	2009
505	Jordan	1.20540540541	2017
506	Jordan	1.3075	2015
507	Jordan	1.92352941176	2014
508	Jordan	1.0	2015
509	Jordan	0.845	2016
510	Jordan	2.09189189189	2014
511	Nike	1.625	2016
512	Nike	1.625	2016
513	Jordan	1.3	2008
514	Jordan	0.7027027027030001	2016
515	Nike	0.38461538461499994	2017
516	Adidas	0.416666666667	2016
517	Jordan	1.775	2013
518	Jordan	2.02857142857	2012
519	Nike	1.28947368421	2017
520	Nike	1.89814814815	2014
521	Jordan	2.1542857142900003	2013
522	Nike	2.51333333333	2017
523	Adidas	1.6307692307700001	2017
524	Jordan	1.50588235294	2014
525	Nike	1.31052631579	2017
526	Jordan	3.54375	2012
527	Nike	3.6	2016
528	Jordan	6.260869565219999	2006
529	Nike	6.0	2016
530	Jordan	3.18	2010
531	Jordan	0.621052631579	2016
532	Adidas	0.983333333333	2017
533	Jordan	1.85882352941	2013
534	Adidas	1.53333333333	2016
535	Adidas	1.505	2017
536	Nike	2.408	2015
537	Adidas	1.37222222222	2016
538	Nike	1.0466666666700002	2016
539	Jordan	1.8625	2017
540	Adidas	1.9615384615400002	2016
541	Jordan	1.11764705882	2015
542	Jordan	0.73125	2017
543	Nike	0.9	2017
544	Jordan	0.73125	2016
545	Adidas	0.972222222222	2016
546	Jordan	1.1052631578899998	2015
547	Nike	1.4	2013
548	Adidas	1.51666666667	2016
549	Jordan	1.95	2016
550	Nike	2.375	2016
551	Jordan	3.1875	2010
552	Adidas	2.55294117647	2016
553	Jordan	1.21176470588	2017
554	Jordan	0.542105263158	2016
555	Nike	0.64375	2017
556	Jordan	0.41200000000000003	2014
557	Nike	2.46	2014
558	Adidas	4.1	2017
559	Jordan	0.666666666667	2016
560	Nike	1.0	2016
561	Adidas	1.7142857142899999	2016
562	Adidas	1.49444444444	2016
563	Adidas	1.87692307692	2016
564	Jordan	1.62666666667	2014
565	Adidas	1.95625	2016
566	Jordan	1.27857142857	2014
567	Nike	1.08260869565	2014
568	Jordan	1.66	2010
569	Nike	0.94	2016
570	Adidas	1.3416666666700001	2017
571	Adidas	0.894444444444	2015
572	Jordan	1.4	2006
573	Nike	1.37857142857	2017
574	Adidas	0.968	2017
575	Jordan	1.1285714285700001	2017
576	Adidas	1.3272727272700002	2017
577	Adidas	1.28823529412	2016
578	Nike	0.8759999999999999	2017
579	Adidas	1.5	2016
580	Adidas	1.57222222222	2016
581	Jordan	2.0	2013
582	Nike	1.70769230769	2016
583	Nike	1.87777777778	2017
584	Nike	1.464	2016
585	Jordan	3.32727272727	2015
586	Nike	1.6	2016
587	Nike	4.525	2017
588	Nike	4.76315789474	2017
589	Jordan	2.55714285714	2013
590	Nike	1.5833333333300001	2014
591	Jordan	1.11764705882	2015
592	Jordan	1.02702702703	2016
593	Jordan	1.275	2014
594	Nike	1.02	2016
595	Nike	1.0333333333299999	2017
596	Nike	1.5319999999999998	2016
597	Jordan	1.0375	2015
598	Jordan	2.6941176470599997	2013
599	Nike	1.9913043478299999	2016
600	Jordan	3.05333333333	2014
601	Nike	1.2666666666700002	2016
602	Nike	1.2666666666700002	2016
603	Jordan	4.16315789474	2014
604	Jordan	2.9225806451599996	2008
605	Nike	1.18	2016
606	Nike	1.97333333333	2014
607	Adidas	0.9823529411759999	2017
608	Nike	1.6125	2016
609	Jordan	1.39459459459	2017
610	Nike	0.9381818181820001	2014
611	Jordan	1.3475	2016
612	Nike	4.9	2015
613	Jordan	3.36875	2017
614	Jordan	1.44705882353	2015
615	Adidas	8.74	2015
616	Jordan	3.6928571428600003	2013
617	Jordan	2.585	2013
618	Jordan	4.136	2006
619	Jordan	1.53513513514	2014
620	Adidas	1.42	2016
621	Adidas	2.1	2016
622	Jordan	1.87894736842	2017
623	Nike	2.23125	2017
624	Adidas	2.975	2016
625	Nike	1.2	2017
626	Nike	1.2	2016
627	Nike	0.931914893617	2013
628	Jordan	1.41333333333	2014
629	Jordan	0.7785714285709999	2016
630	Nike	0.545	2016
631	Nike	0.7785714285709999	2016
632	Jordan	1.67567567568	2014
633	Nike	1.4090909090900001	2016
634	Jordan	0.775	2017
635	Jordan	2.33333333333	2006
636	Adidas	1.37333333333	2016
637	Adidas	1.23076923077	2017
638	Nike	0.8	2013
639	Nike	1.0	2017
640	Jordan	0.290322580645	2008
641	Nike	1.43636363636	2017
642	Nike	1.43636363636	2013
643	Nike	1.1285714285700001	2007
644	Nike	0.942857142857	2017
645	Nike	1.288	2015
646	Jordan	1.1473684210500001	2015
647	Jordan	1.17837837838	2016
648	Adidas	1.21111111111	2017
649	Jordan	1.8333333333300001	2016
650	Nike	2.5648148148099996	2014
651	Jordan	2.2159999999999997	2004
652	Nike	1.14	2017
653	Adidas	1.23021582734	2017
654	Jordan	2.0666666666699998	2015
655	Nike	4.65	2016
656	Jordan	2.51351351351	2014
657	Nike	0.955	2016
658	Adidas	1.36428571429	2016
659	Jordan	1.0324324324299998	2017
660	Nike	0.7909090909090001	2016
661	Adidas	1.525	2016
662	Nike	0.928571428571	2017
663	Adidas	1.0666666666700002	2017
664	Nike	3.90833333333	2017
665	Jordan	1.2666666666700002	2016
666	Adidas	1.63333333333	2017
667	Nike	3.0947368421099997	2012
668	Nike	1.59333333333	2017
669	Jordan	1.3657142857100002	2015
670	Adidas	1.32777777778	2016
671	Adidas	1.49375	2016
672	Adidas	1.51428571429	2016
673	Adidas	4.28571428571	2017
674	Jordan	4.28571428571	2015
675	Nike	1.0	2017
676	Jordan	1.50666666667	2011
677	Jordan	1.02857142857	2017
678	Jordan	1.22222222222	2013
679	Nike	2.80612244898	2016
680	Jordan	2.25333333333	2011
681	Nike	0.895	2016
682	Nike	1.15	2015
683	Adidas	1.9166666666699999	2016
684	Nike	1.49166666667	2017
685	Nike	0.76170212766	2013
686	Jordan	1.432	2005
687	Jordan	1.12666666667	2015
688	Adidas	1.33125	2017
689	Nike	1.24	2016
690	Adidas	2.0666666666699998	2016
691	Adidas	2.36666666667	2016
692	Nike	1.40869565217	2015
693	Adidas	1.9058823529400002	2017
694	Nike	2.025	2016
695	Nike	0.926666666667	2014
696	Jordan	1.0692307692299998	2016
697	Jordan	0.888	2015
698	Nike	1.59375	2017
699	Adidas	0.435897435897	2015
700	Nike	1.55833333333	2017
701	Nike	1.2466666666700001	2014
702	Adidas	1.2142857142899999	2017
703	Nike	1.7	2015
704	Jordan	1.36428571429	2016
705	Nike	0.868181818182	2016
706	Adidas	1.305	2017
707	Adidas	1.635	2017
708	Nike	1.98181818182	2017
709	Jordan	1.0	2015
710	Nike	1.4181818181799999	2017
711	Jordan	1.45	2015
712	Jordan	1.15333333333	2015
713	Jordan	1.23571428571	2017
714	Adidas	1.22	2017
715	Jordan	1.26	2014
716	Adidas	2.1142857142900002	2016
717	Nike	1.97333333333	2016
718	Adidas	1.6444444444400002	2017
719	Adidas	2.1588235294099998	2016
720	Adidas	1.835	2017
721	Jordan	1.0266666666700002	2014
722	Nike	1.77692307692	2016
723	Adidas	1.696	2017
724	Adidas	3.02857142857	2017
725	Jordan	2.65	2010
726	Jordan	3.14074074074	2007
727	Nike	1.49090909091	2015
728	Adidas	1.2545454545499999	2016
729	Jordan	2.15625	2012
730	Jordan	2.4642857142900003	2013
731	Nike	4.6	2017
732	Nike	0.771428571429	2017
733	Jordan	0.43200000000000005	2014
734	Jordan	1.05789473684	2015
735	Nike	1.2142857142899999	2017
736	Jordan	0.924324324324	2016
737	Nike	0.684	2015
738	Nike	1.17777777778	2015
739	Nike	1.4863636363600001	2012
740	Jordan	2.18	2017
741	Adidas	1.68333333333	2016
742	Jordan	1.14666666667	2016
743	Jordan	0.955555555556	2016
744	Jordan	2.14	2010
745	Nike	1.605	2015
746	Nike	1.192	2017
747	Nike	1.192	2014
748	Adidas	0.8733333333329999	2017
749	Nike	0.7485714285709999	2015
750	Nike	2.44	2016
751	Nike	4.88	2015
752	Nike	3.75384615385	2010
753	Nike	1.12666666667	2014
754	Nike	1.1181818181799998	2017
755	Jordan	0.76875	2010
756	Jordan	1.1181818181799998	2004
757	Adidas	0.995	2016
758	Jordan	2.875	2009
759	Nike	1.755	2016
760	Nike	1.4625	2015
761	Nike	1.72	2009
762	Nike	1.8105263157900002	2014
763	Jordan	2.99130434783	2014
764	Nike	0.7785714285709999	2017
765	Nike	0.622857142857	2016
766	Nike	0.68125	2016
767	Nike	0.625	2017
768	Nike	1.71666666667	2016
769	Jordan	1.17714285714	2009
770	Nike	1.79591836735	2016
771	Nike	1.35384615385	2015
772	Jordan	1.1733333333299998	2014
773	Jordan	1.13548387097	2008
774	Nike	1.21111111111	2014
775	Adidas	1.2823529411799999	2017
776	Jordan	1.81666666667	2017
777	Nike	1.99	2014
778	Nike	3.0615384615400005	2014
779	Nike	2.09473684211	2017
780	Jordan	1.7625	2012
781	Jordan	0.994736842105	2016
782	Nike	0.7559999999999999	2013
783	Jordan	1.26	2015
784	Jordan	1.35	2017
785	Nike	1.5125	2017
786	Jordan	0.864285714286	2017
787	Adidas	0.605	2016
788	Nike	0.636842105263	2017
789	Jordan	0.711764705882	2016
790	Jordan	0.75625	2017
791	Jordan	0.88	2010
792	Jordan	2.8228571428600002	2013
793	Jordan	1.4836363636399998	2016
794	Nike	1.3830508474599998	2014
795	Adidas	2.72	2016
796	Jordan	1.1214285714299999	2014
797	Nike	0.95625	2017
798	Adidas	0.672	2016
799	Jordan	1.12	2009
800	Nike	0.684	2015
801	Nike	1.31538461538	2002
802	Jordan	1.368	2005
803	Nike	0.684	2017
804	Adidas	1.18888888889	2016
805	Adidas	1.18888888889	2016
806	Jordan	1.275	2015
807	Adidas	1.7	2017
808	Nike	0.73	2016
809	Nike	2.344	2013
810	Nike	1.055	2014
811	Nike	1.40666666667	2015
812	Nike	1.56	2016
813	Nike	1.092	2014
814	Nike	0.9279999999999999	2013
815	Nike	0.322222222222	2016
816	Nike	1.59166666667	2014
817	Nike	0.955	2016
818	Adidas	1.06111111111	2017
819	Nike	1.5	2012
820	Jordan	1.46666666667	2013
821	Jordan	2.085	2016
822	Nike	1.5428571428600002	2016
823	Jordan	1.92857142857	2016
824	Jordan	2.5714285714300003	2002
825	Nike	2.3478260869599996	2014
826	Nike	1.45	2016
827	Nike	1.7846153846200001	2015
828	Adidas	2.23076923077	2016
829	Jordan	2.0714285714300003	2014
830	Adidas	1.61111111111	2017
831	Jordan	1.8125	2012
832	Adidas	1.535	2016
833	Nike	3.07	2015
834	Nike	2.7909090909099996	2017
835	Jordan	1.65	2015
836	Nike	0.99	2016
837	Nike	0.72	2014
838	Jordan	2.51428571429	2013
839	Adidas	1.46111111111	2017
840	Adidas	1.75333333333	2016
841	Jordan	1.524	2015
842	Jordan	2.14375	2012
843	Jordan	2.79333333333	2014
844	Jordan	3.49166666667	2015
845	Jordan	2.61875	2012
846	Adidas	1.18666666667	2017
847	Nike	2.05384615385	2016
848	Nike	1.78	2015
849	Nike	1.23571428571	2017
850	Jordan	1.23571428571	2016
851	Nike	1.5	2014
852	Nike	2.4	2017
853	Jordan	3.0	2016
854	Adidas	1.2	2017
855	Adidas	0.96	2017
856	Adidas	1.74545454545	2017
857	Jordan	2.4875	2011
858	Nike	1.5919999999999999	2017
859	Nike	2.2742857142900004	2016
860	Jordan	0.807142857143	2017
861	Adidas	1.13	2016
862	Jordan	0.807142857143	2014
863	Jordan	0.842857142857	2017
864	Nike	1.07272727273	2015
865	Jordan	0.842857142857	2017
866	Jordan	0.524444444444	2014
867	Nike	1.64615384615	2015
868	Jordan	1.64615384615	2015
869	Adidas	1.6818181818200002	2016
870	Jordan	1.42307692308	2017
871	Jordan	1.46875	2017
872	Jordan	1.74074074074	2003
873	Nike	1.30555555556	2015
874	Adidas	1.3071428571400001	2017
875	Jordan	1.14375	2014
876	Jordan	1.14375	2017
877	Nike	0.8875	2016
878	Nike	0.8875	2016
879	Nike	0.71	2014
880	Nike	1.58235294118	2015
881	Nike	1.9214285714300001	2016
882	Nike	1.7933333333300001	2012
883	Adidas	1.9166666666699999	2017
884	Adidas	2.3	2017
885	Nike	1.0759999999999998	2013
886	Nike	2.44545454545	2014
887	Nike	1.0759999999999998	2013
888	Nike	1.7933333333300001	2016
889	Jordan	1.22941176471	2014
890	Jordan	1.1942857142899999	2011
891	Nike	1.045	2013
892	Nike	1.01818181818	2017
893	Nike	0.407272727273	2017
894	Nike	1.1727272727299998	2015
895	Jordan	0.992307692308	2017
896	Jordan	0.3225	2014
897	Jordan	0.921428571429	2013
898	Nike	0.686363636364	2016
899	Jordan	2.46451612903	2008
900	Jordan	0.821428571429	2016
901	Nike	0.9	2015
902	Adidas	1.0470588235299998	2016
903	Jordan	0.508571428571	2017
904	Jordan	5.24285714286	2013
905	Jordan	4.19428571429	2012
906	Adidas	1.82777777778	2017
907	Adidas	1.82777777778	2016
908	Nike	1.51666666667	2016
909	Nike	0.35294117647100004	2012
910	Nike	0.375	2016
911	Jordan	0.946153846154	2016
912	Nike	1.025	2017
913	Jordan	0.76875	2013
914	Nike	1.13714285714	2017
915	Jordan	1.4214285714300001	2016
916	Nike	1.4214285714300001	2017
917	Nike	0.887272727273	2014
918	Jordan	1.80740740741	2006
919	Jordan	1.15882352941	2014
920	Nike	1.5759999999999998	2013
921	Jordan	1.1733333333299998	2015
922	Adidas	1.675	2016
923	Adidas	1.11666666667	2017
924	Adidas	1.54444444444	2014
925	Nike	1.6352941176499998	2014
926	Nike	0.941666666667	2017
927	Nike	0.7533333333329999	2014
928	Jordan	1.43125	2015
929	Nike	1.58	2017
930	Nike	1.07	2017
931	Nike	1.8608695652200002	2012
932	Jordan	1.4758620689700002	2006
933	Jordan	1.72	2017
934	Nike	2.29333333333	2016
935	Jordan	0.7125	2017
936	Nike	0.518181818182	2013
937	Jordan	0.8825	2015
938	Adidas	2.01176470588	2016
939	Jordan	0.684	2014
940	Adidas	2.28	2016
941	Adidas	1.22222222222	2016
942	Adidas	1.22222222222	2015
943	Nike	1.555	2016
944	Nike	2.07333333333	2016
945	Adidas	1.5857142857100002	2016
946	Nike	1.48	2016
947	Nike	1.48	2017
948	Jordan	1.01818181818	2016
949	Nike	1.4	2016
950	Jordan	0.9384615384620001	2015
951	Adidas	1.09285714286	2017
952	Nike	0.68	2014
953	Nike	1.25	2017
954	Nike	0.81	2015
955	Jordan	0.7043478260870001	2007
956	Jordan	0.9384615384620001	2012
957	Nike	0.5545454545449999	2014
958	Nike	0.488	2017
959	Jordan	1.145	2015
960	Jordan	1.30857142857	2015
961	Jordan	3.8166666666699998	2011
962	Jordan	1.2125	2013
963	Jordan	1.5519999999999998	2001
964	Nike	1.61666666667	2015
965	Nike	1.8476190476199998	2014
966	Adidas	1.14117647059	2016
967	Jordan	2.68181818182	2015
968	Nike	3.54	2014
969	Jordan	2.655	2005
970	Nike	3.54	2017
971	Nike	1.2434782608700001	2015
972	Adidas	1.3	2016
973	Nike	2.04285714286	2013
974	Nike	1.43	2016
975	Nike	1.26	2015
976	Nike	1.8	2016
977	Adidas	1.63846153846	2017
978	Nike	0.9681818181820001	2015
979	Nike	1.36	2016
980	Nike	0.544	2015
981	Jordan	0.68	2017
982	Jordan	1.27142857143	2016
983	Adidas	0.988888888889	2017
984	Nike	0.647272727273	2015
985	Nike	1.0444444444399998	2015
986	Adidas	0.671428571429	2016
987	Nike	0.569696969697	2015
988	Nike	1.12307692308	2015
989	Nike	2.92	2013
990	Nike	2.24615384615	2015
991	Nike	1.9466666666699999	2017
992	Nike	2.08571428571	2014
993	Jordan	2.07857142857	2007
994	Adidas	1.61666666667	2016
995	Jordan	1.81875	2017
996	Nike	0.9359999999999999	2015
997	Adidas	0.65	2015
998	Nike	0.585	2014
999	Nike	0.668571428571	2017
1000	Nike	1.24489795918	2014
1001	Jordan	0.7625	2012
1002	Nike	1.525	2016
1003	Nike	1.62608695652	2014
1004	Jordan	1.09714285714	2017
1005	Nike	1.47692307692	2015
1006	Jordan	1.09714285714	2016
1007	Adidas	0.548571428571	2016
1008	Adidas	6.54	2016
1009	Nike	1.76666666667	2016
1010	Nike	1.41333333333	2016
1011	Nike	0.94	2015
1012	Adidas	0.829411764706	2017
1013	Nike	0.88125	2017
1014	Adidas	1.5	2016
1015	Adidas	1.3043478260899999	2017
1016	Nike	1.7647058823500001	2012
1017	Adidas	1.6666666666699999	2015
1018	Jordan	1.33333333333	2014
1019	Nike	1.36363636364	2016
1020	Nike	1.2	2017
1021	Nike	0.692307692308	2017
1022	Nike	0.3	2016
1023	Jordan	0.514285714286	2017
1024	Nike	2.2615384615400003	2015
1025	Adidas	2.2615384615400003	2016
1026	Nike	1.25	2017
1027	Nike	1.16666666667	2016
1028	Nike	1.94444444444	2016
1029	Jordan	0.875	2017
1030	Jordan	1.51	2008
1031	Jordan	0.755	2015
1032	Jordan	1.37272727273	2012
1033	Nike	1.0066666666700002	2017
1034	Adidas	1.15	2015
1035	Nike	1.64285714286	2014
1036	Nike	0.972727272727	2015
1037	Adidas	1.30555555556	2017
1038	Jordan	1.67857142857	2016
1039	Jordan	2.6111111111099996	2011
1040	Jordan	2.1375	2011
1041	Jordan	1.15540540541	2006
1042	Nike	2.1375	2016
1043	Adidas	0.972727272727	2017
1044	Nike	1.41176470588	2015
1045	Nike	1.26315789474	2017
1046	Nike	5.67142857143	2017
1047	Jordan	2.17037037037	2006
1048	Adidas	1.6742857142899998	2017
1049	Nike	1.1153846153799998	2017
1050	Nike	0.9666666666670001	2015
1051	Nike	0.9666666666670001	2017
1052	Adidas	0.9666666666670001	2016
1053	Adidas	1.22222222222	2017
1054	Nike	1.69230769231	2016
1055	Nike	1.416	2017
1056	Adidas	1.77	2016
1057	Adidas	1.96666666667	2017
1058	Nike	3.38461538462	2017
1059	Nike	3.52	2017
1060	Jordan	2.75	2017
1061	Jordan	2.00625	2012
1062	Jordan	2.14	2009
1063	Nike	1.2	2016
1064	Adidas	0.6	2017
1065	Nike	0.54	2016
1066	Nike	0.830769230769	2016
1067	Nike	1.072	2015
1068	Jordan	1.72903225806	2009
1069	Nike	1.675	2011
1070	Nike	1.072	2014
1071	Jordan	1.1928571428599999	2017
1072	Jordan	0.6679999999999999	2016
1073	Nike	0.927777777778	2012
1074	Nike	1.1928571428599999	2017
1075	Adidas	1.51818181818	2016
1076	Nike	0.9823529411759999	2014
1077	Nike	0.9769230769230001	2013
1078	Jordan	0.79375	2016
1079	Nike	0.747058823529	2017
1080	Adidas	1.625	2017
1081	Nike	2.82608695652	2017
1082	Nike	1.91176470588	2015
1083	Adidas	1.205	2016
1084	Nike	1.60666666667	2015
1085	Jordan	1.7214285714300002	2016
1086	Nike	0.855	2014
1087	Jordan	1.10322580645	2009
1088	Nike	0.7125	2016
1089	Nike	0.855	2016
1090	Nike	4.69090909091	2017
1091	Nike	2.34545454545	2014
1092	Jordan	4.128	2009
1093	Adidas	1.32222222222	2016
1094	Jordan	1.36	2012
1095	Nike	1.32222222222	2015
1096	Adidas	1.25263157895	2017
1097	Nike	1.58666666667	2017
1098	Nike	1.58666666667	2017
1099	Jordan	1.6258064516100001	2008
1100	Adidas	1.575	2017
1101	Jordan	2.4	2014
1102	Adidas	1.008	2016
1103	Jordan	1.575	2013
1104	Nike	1.3	2015
1105	Adidas	1.625	2015
1106	Nike	1.39285714286	2017
1107	Nike	1.3	2017
1108	Nike	0.8666666666670001	2014
1109	Nike	1.0263157894700001	2017
1110	Jordan	1.21875	2017
1111	Nike	1.62857142857	2013
1112	Nike	1.14	2016
1113	Nike	0.96	2016
1114	Adidas	0.45	2017
1115	Jordan	1.8258064516099999	2008
1116	Jordan	2.2640000000000002	2011
1117	Adidas	2.17692307692	2017
1118	Jordan	0.7075	2017
1119	Nike	1.2863636363600002	2016
1120	Nike	1.76875	2017
1121	Jordan	1.1736842105299998	2016
1122	Nike	1.115	2016
1123	Jordan	1.39375	2010
1124	Adidas	1.2944444444399998	2016
1125	Jordan	1.72592592593	1993
1126	Jordan	1.45625	2013
1127	Nike	1.6642857142899998	2014
1128	Jordan	2.51851851852	2010
1129	Adidas	2.4285714285699997	2016
1130	Nike	5.23076923077	2002
1131	Nike	2.95652173913	2017
1132	Adidas	2.125	2017
1133	Adidas	1.17058823529	2016
1134	Jordan	1.13714285714	2012
1135	Jordan	1.04736842105	2017
1136	Jordan	3.048	2007
1137	Nike	1.905	2014
1138	Nike	1.42	2017
1139	Nike	1.42	2014
1140	Jordan	0.9681818181820001	2015
1141	Nike	1.75	2016
1142	Adidas	2.69230769231	2015
1143	Jordan	1.89189189189	2015
1144	Nike	2.185	2016
1145	Nike	3.64166666667	2016
1146	Adidas	3.64166666667	2017
1147	Nike	2.3	2017
1148	Jordan	1.676	2016
1149	Adidas	1.82173913043	2017
1150	Adidas	1.63846153846	2016
1151	Jordan	1.42	2005
1152	Jordan	2.25625	2012
1153	Adidas	2.00555555556	2016
1154	Nike	1.645	2016
1155	Adidas	2.05625	2017
1156	Nike	1.7315789473700003	2014
1157	Jordan	0.588	2014
1158	Adidas	0.816666666667	2016
1159	Adidas	1.05	2016
1160	Nike	1.3	2016
1161	Nike	3.1473684210500004	2012
1162	Jordan	1.05142857143	2017
1163	Nike	1.15	2017
1164	Nike	1.472	2015
1165	Nike	1.15	2016
1166	Nike	0.92	2017
1167	Jordan	2.025	2012
1168	Jordan	4.98461538462	1985
1169	Adidas	2.16	2017
1170	Jordan	1.275	2013
1171	Adidas	1.5692307692299998	2016
1172	Nike	1.2	2012
1173	Adidas	0.45	2017
1174	Nike	1.0266666666700002	2017
1175	Nike	1.71111111111	2017
1176	Jordan	0.385	2016
1177	Adidas	0.855555555556	2016
1178	Nike	0.77	2004
1179	Nike	1.43888888889	2016
1180	Adidas	2.15833333333	2016
1181	Jordan	1.4	2008
1182	Jordan	2.64375	2012
1183	Adidas	1.355	2016
1184	Nike	1.084	2012
1185	Jordan	1.8689655172400002	2006
1186	Nike	1.00714285714	2015
1187	Nike	0.88125	2017
1188	Adidas	5.78235294118	2016
1189	Jordan	8.191666666669999	2016
1190	Jordan	6.3419354838699995	2008
1191	Nike	1.9081632653099998	2016
1192	Nike	0.984210526316	2017
1193	Nike	1.3357142857100002	2014
1194	Adidas	1.3357142857100002	2017
1195	Jordan	2.62285714286	2011
1196	Jordan	2.86875	2016
1197	Nike	2.62285714286	2016
1198	Adidas	2.295	2017
1199	Nike	0.85	2016
1200	Nike	0.85	2017
1201	Nike	0.85	2015
1202	Jordan	1.00740740741	2007
1203	Nike	1.3	2015
1204	Jordan	2.16666666667	2015
1205	Nike	1.73333333333	2017
1206	Nike	1.73333333333	2015
1207	Adidas	2.0	2016
1208	Nike	1.3	2015
1209	Nike	1.76666666667	2015
1210	Nike	1.21142857143	2016
1211	Nike	1.6307692307700001	2016
1212	Nike	1.06	2015
1213	Jordan	1.33529411765	2014
1214	Nike	1.89166666667	2016
1215	Nike	1.62142857143	2017
1216	Nike	1.7461538461500001	2009
1217	Nike	1.9739130434799999	2013
1218	Nike	1.26111111111	2015
1219	Jordan	3.22777777778	2006
1220	Nike	2.905	2016
1221	Jordan	0.9059999999999999	2014
1222	Adidas	2.51666666667	2015
1223	Nike	2.265	2015
1224	Jordan	4.53	2001
1225	Jordan	2.83125	2016
1226	Adidas	1.18965517241	2017
1227	Nike	1.38	2014
1228	Nike	1.9166666666699999	2011
1229	Jordan	1.4971428571399998	2012
1230	Nike	1.74666666667	2017
1231	Jordan	1.31	2016
1232	Jordan	1.69166666667	2015
1233	Adidas	1.12777777778	2016
1234	Nike	0.8416666666670001	2016
1235	Jordan	1.4270270270299998	2014
1236	Adidas	2.0307692307700003	2016
1237	Jordan	2.0307692307700003	2015
1238	Nike	2.33142857143	2017
1239	Jordan	2.55	2017
1240	Jordan	9.53714285714	2017
1241	Nike	6.069090909090001	2016
1242	Nike	1.51176470588	2015
1243	Jordan	0.395384615385	2016
1244	Nike	1.1681818181799999	2012
1245	Jordan	1.285	2002
1246	Nike	1.46857142857	2016
1247	Adidas	1.18571428571	2016
1248	Adidas	0.922222222222	2016
1249	Nike	0.922222222222	2012
1250	Nike	0.90625	2016
1251	Jordan	0.58	2014
1252	Adidas	0.805555555556	2017
1253	Nike	0.659090909091	2012
1254	Jordan	1.18461538462	2017
1255	Nike	1.0266666666700002	2016
1256	Jordan	8.26857142857	2011
1257	Nike	13.398148148099999	2014
1258	Adidas	10.3357142857	2017
1259	Nike	1.38333333333	2013
1260	Jordan	1.42285714286	2010
1261	Nike	1.66	2014
1262	Jordan	2.2636363636400003	2009
1263	Jordan	1.7172413793099999	2006
1264	Jordan	1.34594594595	2014
1265	Nike	1.31052631579	2017
1266	Nike	0.714285714286	2016
1267	Nike	0.769230769231	2016
1268	Nike	0.833333333333	2009
1269	Jordan	1.14285714286	2017
1270	Jordan	1.0	2012
1271	Nike	1.8647058823500002	2014
1272	Nike	1.268	2012
1273	Nike	1.585	2017
1274	Adidas	1.585	2017
1275	Adidas	0.861538461538	2017
1276	Adidas	0.933333333333	2016
1277	Jordan	2.60625	2012
1278	Jordan	1.41875	2012
1279	Nike	1.41875	2017
1280	Nike	2.8375	2008
1281	Nike	1.89166666667	2016
1282	Adidas	1.405	2016
1283	Nike	1.24888888889	2014
1284	Adidas	2.55454545455	2016
1285	Nike	1.6529411764700002	2011
1286	Jordan	1.54666666667	2007
1287	Jordan	1.3647058823500002	2013
1288	Adidas	0.937142857143	2017
1289	Adidas	3.28	2016
1290	Jordan	1.8742857142900002	2007
1291	Jordan	2.18666666667	2011
1292	Nike	0.7733333333329999	2016
1293	Adidas	0.892307692308	2016
1294	Nike	2.33125	2014
1295	Jordan	1.19411764706	2015
1296	Jordan	1.35333333333	2014
1297	Jordan	1.35333333333	2016
1298	Nike	1.69166666667	2016
1299	Jordan	1.45	2017
1300	Adidas	0.857894736842	2017
1301	Jordan	1.05161290323	2008
1302	Nike	1.01875	2016
1303	Adidas	1.48181818182	2015
1304	Nike	1.35833333333	2017
1305	Jordan	1.13571428571	2017
1306	Nike	0.935294117647	2015
1307	Adidas	0.8833333333329999	2017
1308	Adidas	0.795	2017
1309	Jordan	2.22222222222	1996
1310	Jordan	2.0	2014
1311	Nike	1.5	2013
1312	Nike	2.77777777778	2014
1313	Jordan	0.967741935484	2008
1314	Jordan	7.38333333333	2013
1315	Adidas	7.38333333333	2017
1316	Nike	1.35	2016
1317	Jordan	0.63	2017
1318	Nike	1.26	2016
1319	Adidas	1.325	2016
1320	Nike	3.53333333333	2005
1321	Nike	1.7542857142900001	2016
1322	Jordan	1.7542857142900001	2012
1323	Jordan	1.3644444444400001	2014
1324	Adidas	4.2	2015
1325	Adidas	12.782608695699999	2017
1326	Jordan	1.2425	2016
1327	Adidas	2.76111111111	2016
1328	Nike	1.9880000000000002	2014
1329	Jordan	2.2088888888900002	2015
1330	Nike	3.9760000000000004	2016
1331	Jordan	1.51875	2017
1332	Nike	1.215	2016
1333	Jordan	2.025	2016
1334	Nike	1.01818181818	2013
1335	Adidas	0.525	2017
1336	Nike	0.84	2012
1337	Adidas	1.4	2016
1338	Adidas	1.39285714286	2016
1339	Nike	1.625	2017
1340	Nike	1.3	2017
1341	Adidas	1.08333333333	2016
1342	Jordan	1.4	2016
1343	Jordan	3.576	2006
1344	Nike	1.4384615384600001	2015
1345	Jordan	1.2466666666700001	2016
1346	Nike	1.58235294118	2011
1347	Adidas	2.06923076923	2016
1348	Jordan	4.14	2004
1349	Nike	3.0666666666699998	2015
1350	Jordan	2.28	2011
1351	Jordan	1.9542857142900003	2015
1352	Nike	1.61428571429	2017
1353	Nike	0.904	2014
1354	Nike	0.875	2015
1355	Nike	0.777777777778	2015
1356	Nike	0.7	2016
1357	Nike	0.933333333333	2016
1358	Adidas	1.2727272727299999	2017
1359	Nike	1.275	2017
1360	Nike	1.59375	2016
1361	Nike	2.31818181818	2015
1362	Nike	0.955	2014
1363	Nike	1.12352941176	2015
1364	Nike	0.46875	2016
1365	Adidas	0.576923076923	2017
1366	Nike	1.712	2014
1367	Nike	2.44571428571	2016
1368	Nike	4.36734693878	2013
1369	Nike	2.85333333333	2015
1370	Nike	3.424	2016
1371	Nike	2.14	2014
1372	Jordan	2.85333333333	2016
1373	Jordan	1.0923076923100001	2015
1374	Nike	1.10769230769	2016
1375	Jordan	0.96	2016
1376	Adidas	2.2	2016
1377	Nike	2.64	2016
1378	Adidas	4.4	2017
1379	Jordan	2.66666666667	2015
1380	Jordan	3.3	2017
1381	Jordan	4.4	2017
1382	Adidas	1.01875	2017
1383	Nike	1.48181818182	2017
1384	Nike	1.6	2013
1385	Adidas	1.2444444444399998	2015
1386	Jordan	1.5448275862099998	2017
1387	Jordan	1.28	2014
1388	Nike	1.12	2014
1389	Nike	1.4	2016
1390	Nike	1.3176470588200002	2015
1391	Nike	1.16666666667	2016
1392	Nike	1.07692307692	2012
1393	Nike	1.16666666667	2017
1394	Jordan	0.64375	2016
1395	Nike	0.64375	2016
1396	Nike	0.735714285714	2013
1397	Jordan	0.735714285714	2016
1398	Adidas	0.85	2017
1399	Jordan	0.906666666667	2011
1400	Nike	0.906666666667	2014
1401	Jordan	0.7555555555560001	2017
1402	Jordan	0.928571428571	2017
1403	Nike	1.3	2015
1404	Adidas	0.7647058823530001	2017
1405	Nike	0.8666666666670001	2014
1406	Jordan	1.1818181818200002	2012
1407	Jordan	3.0774193548400004	2008
1408	Nike	1.9080000000000001	2012
1409	Adidas	2.70454545455	2016
1410	Nike	2.975	2010
1411	Nike	4.25	2012
1412	Nike	2.975	2017
1413	Jordan	4.76	2001
1414	Jordan	2.20666666667	2010
1415	Jordan	2.20666666667	2005
1416	Nike	0.9263157894740001	2017
1417	Nike	0.88	2013
1418	Jordan	1.34074074074	1997
1419	Nike	1.07738095238	2013
1420	Nike	1.13125	2016
1421	Jordan	0.978378378378	2016
1422	Jordan	1.425	2015
1423	Nike	1.14	2012
1424	Nike	1.31538461538	2015
1425	Jordan	3.6	2010
1426	Nike	3.0	2006
1427	Adidas	3.75	2016
1428	Nike	2.0454545454499997	2016
1429	Adidas	3.0	2015
1430	Nike	3.0	2012
1431	Jordan	1.60625	2012
1432	Nike	2.14166666667	2016
1433	Nike	1.9037037037	2015
1434	Adidas	1.42777777778	2017
1435	Nike	3.02352941176	2014
1436	Jordan	1.71333333333	2007
1437	Nike	1.5416666666699999	2017
1438	Nike	1.0571428571400001	2016
1439	Nike	1.08823529412	2013
1440	Jordan	1.37037037037	2014
1441	Jordan	0.9714285714290001	2016
1442	Nike	0.34	2014
1443	Adidas	1.0625	2017
1444	Nike	1.33333333333	2010
1445	Adidas	1.11111111111	2017
1446	Adidas	0.87	2016
1447	Nike	1.24285714286	2016
1448	Adidas	0.87	2017
1449	Jordan	1.16	2016
1450	Adidas	1.25	2013
1451	Jordan	1.25	2017
1452	Nike	1.29230769231	2013
1453	Jordan	0.7466666666670001	2009
1454	Adidas	3.36	2016
1455	Nike	0.6461538461540001	2014
1456	Jordan	2.01935483871	2008
1457	Adidas	1.51666666667	2016
1458	Nike	1.51666666667	2016
1459	Nike	2.8	2003
1460	Jordan	1.63846153846	2006
1461	Adidas	1.1833333333299998	2016
1462	Nike	0.852	2015
1463	Jordan	1.3741935483899999	2008
1464	Adidas	1.065	2016
1465	Adidas	1.44166666667	2016
1466	Nike	1.15333333333	2016
1467	Jordan	0.6920000000000001	2014
1468	Jordan	0.988571428571	2007
1469	Nike	0.559090909091	2015
1470	Adidas	1.025	2014
1471	Adidas	0.683333333333	2016
1472	Adidas	1.18125	2016
1473	Nike	1.09777777778	2014
1474	Nike	1.64666666667	2005
1475	Nike	1.64666666667	2016
1476	Nike	1.48	2015
1477	Adidas	1.16470588235	2016
1478	Nike	0.99	2015
1479	Nike	0.425	2016
1480	Nike	0.7727272727269999	2015
1481	Jordan	0.5666666666669999	2010
1482	Nike	0.68	2014
1483	Adidas	0.2125	2016
1484	Adidas	1.7461538461500001	2016
1485	Nike	0.9079999999999999	2013
1486	Adidas	0.8933333333329999	2017
1487	Nike	0.67	2005
1488	Nike	1.11666666667	2016
1489	Nike	1.675	2012
1490	Jordan	2.06153846154	2005
1491	Jordan	1.21818181818	2015
1492	Adidas	0.7253012048190001	2017
1493	Nike	1.204	2013
1494	Nike	3.1	2013
1495	Nike	6.458333333330001	2015
1496	Nike	6.458333333330001	2013
1497	Jordan	6.2	2002
1498	Jordan	4.18918918919	2017
1499	Nike	1.8454545454499998	2012
1500	Jordan	2.8	2017
1501	Jordan	3.33125	2013
1502	Nike	2.42272727273	2013
1503	Nike	4.1	2017
1504	Nike	3.8071428571399997	2014
1505	Jordan	3.13529411765	2011
1506	Adidas	2.04	2017
1507	Nike	2.04	2015
1508	Jordan	3.1384615384599996	2013
1509	Jordan	2.55	2012
1510	Jordan	2.91428571429	2017
1511	Nike	1.1	2016
1512	Jordan	3.536	1995
1513	Nike	2.52571428571	2017
1514	Nike	2.1047619047599997	2014
1515	Nike	0.769230769231	2017
1516	Adidas	0.555555555556	2016
1517	Nike	1.05263157895	2014
1518	Nike	0.5	2017
1519	Adidas	1.46111111111	2015
1520	Jordan	0.8766666666670001	2017
1521	Jordan	1.75333333333	2007
1522	Adidas	1.46111111111	2017
1523	Nike	6.075	2010
1524	Nike	3.888	2017
1525	Nike	4.22608695652	2015
1526	Nike	9.72	2001
1527	Jordan	8.83636363636	2016
1528	Nike	2.07333333333	2016
1529	Jordan	2.07333333333	2014
1530	Nike	2.3923076923099997	2012
1531	Nike	2.1857142857099996	2013
1532	Jordan	1.36	2015
1533	Adidas	2.78181818182	2016
1534	Nike	2.015	2016
1535	Nike	2.68666666667	2011
1536	Nike	0.964285714286	2017
1537	Adidas	0.9	2016
1538	Adidas	1.96428571429	2016
1539	Nike	1.89655172414	2014
1540	Nike	0.978571428571	2016
1541	Jordan	0.9133333333329999	2011
1542	Nike	1.8181818181799998	2013
1543	Adidas	1.33333333333	2016
1544	Nike	1.35	2017
1545	Nike	0.465517241379	2006
1546	Adidas	1.03846153846	2016
1547	Jordan	0.931034482759	2006
1548	Jordan	1.42	2015
1549	Nike	0.71	2015
1550	Nike	0.8875	2017
1551	Adidas	10.755555555599999	2016
1552	Nike	12.1	2016
1553	Jordan	13.828571428599998	2017
1554	Jordan	1.6666666666699999	2004
1555	Nike	1.71875	2017
1556	Nike	1.82727272727	2013
1557	Nike	2.87142857143	2015
1558	Nike	2.68	2016
1559	Nike	2.68	2013
1560	Adidas	1.26923076923	2017
1561	Adidas	1.1073825503399999	2016
1562	Jordan	1.2470588235299997	2014
1563	Adidas	1.17777777778	2015
1564	Jordan	1.4771428571399998	2012
1565	Adidas	2.87222222222	2015
1566	Nike	7.95384615385	2004
1567	Adidas	1.9454545454499999	2016
1568	Nike	1.9454545454499999	2015
1569	Jordan	2.1375	2012
1570	Nike	1.71	2016
1571	Jordan	2.01176470588	2013
1572	Adidas	2.28	2016
1573	Nike	3.4897959183699996	2014
1574	Nike	1.9542857142900003	2017
1575	Jordan	2.28	2016
1576	Jordan	2.0	2010
1577	Nike	1.86666666667	2017
1578	Adidas	1.75	2017
1579	Jordan	1.4	2007
1580	Jordan	1.86666666667	1998
1581	Nike	0.771428571429	2017
1582	Adidas	0.6	2015
1583	Jordan	0.771428571429	2016
1584	Nike	0.490909090909	2016
1585	Nike	0.72	2014
1586	Nike	1.08	2014
1587	Jordan	0.6125	2016
1588	Nike	0.753846153846	2014
1589	Nike	0.88	2014
1590	Nike	0.88	2012
1591	Nike	3.5714285714300003	2013
1592	Nike	0.135135135135	2016
1593	Nike	1.42857142857	2016
1594	Jordan	1.5625	2013
1595	Nike	0.7822222222220001	2015
1596	Adidas	0.9777777777779999	2016
1597	Nike	1.18918918919	2012
1598	Nike	0.7489361702130001	2013
1599	Nike	0.88	2015
1600	Nike	0.951351351351	2015
1601	Nike	1.1	2015
1602	Jordan	1.1785714285700002	2016
1603	Jordan	0.55	2017
1604	Nike	0.8181818181820001	2015
1605	Nike	0.9	2012
1606	Adidas	1.60714285714	2017
1607	Nike	1.27142857143	2017
1608	Jordan	1.68421052632	2017
1609	Nike	1.0	2014
1610	Nike	2.46153846154	2006
1611	Jordan	1.0666666666700002	2007
1612	Adidas	1.81538461538	2016
1613	Adidas	1.31111111111	2017
1614	Nike	2.14545454545	2015
1615	Nike	2.14545454545	2015
1616	Nike	0.869230769231	2015
1617	Jordan	0.70625	2012
1618	Jordan	0.941666666667	2002
1619	Jordan	0.941666666667	2016
1620	Adidas	0.627777777778	2016
1621	Adidas	1.2857142857100001	2016
1622	Nike	1.63636363636	2016
1623	Adidas	1.2	2016
1624	Jordan	2.64516129032	2008
1625	Adidas	3.41666666667	2016
1626	Adidas	3.72727272727	2017
1627	Adidas	2.27777777778	2017
1628	Nike	21.353846153800003	2002
1629	Adidas	9.91428571429	2016
1630	Nike	9.253333333330001	2013
1631	Nike	9.253333333330001	2007
1632	Nike	1.5	2013
1633	Jordan	1.68	2005
1634	Adidas	1.50769230769	2016
1635	Nike	0.8340425531910001	2013
1636	Nike	0.858823529412	2014
1637	Nike	0.811111111111	2012
1638	Nike	0.73	2015
1639	Nike	1.5368421052599999	2012
1640	Adidas	1.265	2016
1641	Adidas	1.48823529412	2017
1642	Nike	1.61851851852	2012
1643	Nike	3.64166666667	2016
1644	Nike	2.185	2013
1645	Adidas	1.9863636363599997	2016
1646	Nike	1.35862068966	2013
1647	Jordan	2.39130434783	2002
1648	Nike	4.23076923077	2007
1649	Nike	2.2	2016
1650	Adidas	1.61764705882	2016
1651	Nike	1.20666666667	2016
1652	Jordan	1.13125	2017
1653	Nike	0.536	2008
1654	Nike	0.47857142857100005	2013
1655	Nike	0.335	2014
1656	Nike	0.382857142857	2016
1657	Adidas	0.869230769231	2016
1658	Adidas	0.627777777778	2016
1659	Jordan	0.6875	2016
1660	Adidas	0.611111111111	2016
1661	Jordan	0.647058823529	2013
1662	Nike	0.785714285714	2010
1663	Adidas	0.905	2016
1664	Adidas	1.81	2016
1665	Nike	1.20666666667	2016
1666	Nike	1.51111111111	2013
1667	Adidas	2.47272727273	2016
1668	Jordan	1.55428571429	2007
1669	Adidas	0.955555555556	2016
1670	Adidas	1.22857142857	2017
1671	Nike	1.14666666667	2016
1672	Jordan	0.955555555556	2007
1673	Jordan	1.22857142857	2015
1674	Jordan	0.5733333333330001	2017
1675	Jordan	1.15675675676	2008
1676	Nike	0.713333333333	2016
1677	Nike	1.78333333333	2016
1678	Nike	0.995	2014
1679	Nike	1.65833333333	2015
1680	Jordan	1.3266666666700002	2006
1681	Adidas	1.17058823529	2016
1682	Nike	0.8928571428569999	2017
1683	Jordan	0.833333333333	2016
1684	Adidas	1.13636363636	2016
1685	Jordan	0.8844444444439999	2015
1686	Jordan	1.0756756756799999	2008
1687	Adidas	0.4975	2015
1688	Jordan	1.7741935483900002	2008
1689	Jordan	1.7741935483900002	2008
1690	Adidas	1.88823529412	2014
1691	Jordan	2.79130434783	2003
1692	Jordan	1.8342857142900002	2010
1693	Adidas	0.972222222222	2016
1694	Nike	0.875	2017
1695	Nike	0.68	2016
1696	Nike	1.2363636363600001	2017
1697	Nike	1.13333333333	2015
1698	Jordan	0.777142857143	2010
1699	Nike	0.7555555555560001	2016
1700	Jordan	2.6	2009
1701	Adidas	2.16666666667	2017
1702	Nike	2.22857142857	2012
1703	Adidas	3.0	2017
1704	Nike	2.88888888889	2013
1705	Adidas	1.39	2016
1706	Nike	1.85333333333	2014
1707	Adidas	1.6352941176499998	2016
1708	Nike	1.85333333333	2013
1709	Adidas	1.21111111111	2016
1710	Nike	0.9478260869570001	2014
1711	Nike	1.24571428571	2017
1712	Jordan	1.32121212121	2016
1713	Nike	0.838461538462	2013
1714	Nike	0.825	2016
1715	Adidas	1.0	2016
1716	Adidas	0.9705882352940001	2016
1717	Jordan	2.0	2006
1718	Jordan	3.0	2017
1719	Adidas	1.6666666666699999	2017
1720	Jordan	2.0	2010
1721	Jordan	4.72	2001
1722	Nike	1.70625	2016
1723	Nike	1.2133333333299998	2013
1724	Nike	2.275	2016
1725	Jordan	1.0594594594600002	2016
1726	Jordan	1.45185185185	2007
1727	Nike	1.3066666666700002	2015
1728	Nike	0.666666666667	2016
1729	Nike	1.05263157895	2012
1730	Jordan	0.555555555556	2016
1731	Nike	1.0	2008
1732	Jordan	9.74857142857	2010
1733	Adidas	10.0352941176	2016
1734	Nike	15.509090909100001	2017
1735	Nike	13.648	2014
1736	Jordan	10.6625	2011
1737	Nike	3.35151515152	2013
1738	Jordan	3.68666666667	2010
1739	Nike	3.07222222222	2016
1740	Nike	4.0962962963	2016
1741	Nike	3.45625	2014
1742	Nike	1.23076923077	2013
1743	Adidas	0.34782608695699996	2017
1744	Nike	1.6	2015
1745	Nike	2.46153846154	2008
1746	Adidas	1.17	2016
1747	Nike	0.835714285714	2017
1748	Jordan	1.7314285714300002	2011
1749	Nike	4.66153846154	2008
1750	Nike	1.9151515151499998	2016
1751	Nike	2.43076923077	2016
1752	Nike	2.43076923077	2012
1753	Jordan	1.7081081081099998	2016
1754	Jordan	2.45	2008
1755	Jordan	0.7	2016
1756	Jordan	1.58064516129	2008
1757	Jordan	1.4352941176499998	2013
1758	Adidas	2.2181818181799997	2015
1759	Jordan	0.787096774194	2009
1760	Jordan	2.82608695652	2013
1761	Nike	2.03125	2017
1762	Nike	2.16666666667	2007
1763	Nike	2.5	2016
1764	Nike	1.22068965517	2016
1765	Nike	0.885	2016
1766	Jordan	1.475	2011
1767	Nike	0.8844444444439999	2015
1768	Nike	0.7959999999999999	2015
1769	Nike	1.47407407407	2008
1770	Jordan	1.13529411765	2016
1771	Nike	0.990909090909	2016
1772	Nike	0.506976744186	2012
1773	Nike	0.622857142857	2017
1774	Nike	0.484444444444	2015
1775	Nike	1.125	2013
1776	Nike	1.125	2016
1777	Nike	1.875	2016
1778	Nike	0.725	2014
1779	Nike	0.90625	2017
1780	Jordan	0.9666666666670001	2006
1781	Jordan	0.90625	2012
1782	Adidas	1.1153846153799998	2016
1783	Nike	1.725	2014
1784	Nike	1.0894736842100001	2009
1785	Nike	1.29375	2017
1786	Jordan	1.725	2014
1787	Jordan	0.667741935484	2008
1788	Nike	1.1555555555600001	2014
1789	Jordan	1.67741935484	2008
1790	Jordan	4.0	2016
1791	Nike	1.73333333333	2012
1792	Nike	1.73333333333	2008
1793	Jordan	1.42857142857	2016
1794	Nike	1.6666666666699999	2017
1795	Jordan	1.42857142857	2017
1796	Nike	1.25	2010
1797	Nike	3.0769230769200004	2004
1798	Nike	1.10545454545	2015
1799	Jordan	1.7371428571400003	2005
1800	Jordan	1.7371428571400003	2013
1801	Jordan	1.64324324324	2015
1802	Nike	2.02666666667	2016
1803	Jordan	2.25185185185	2004
1804	Jordan	0.40666666666699997	2016
1805	Adidas	0.338888888889	2017
1806	Jordan	0.435714285714	2017
1807	Nike	1.9266666666699999	2011
1808	Adidas	0.4624	2015
1809	Nike	2.0642857142900004	2012
1810	Adidas	0.8909090909090001	2016
1811	Nike	0.653333333333	2017
1812	Jordan	0.593939393939	2004
1813	Nike	0.392	2013
1814	Adidas	0.705035971223	2017
1815	Nike	1.1083333333299998	2014
1816	Nike	0.665	2016
1817	Nike	0.83125	2015
1818	Adidas	2.985	2017
1819	Jordan	3.98	2010
1820	Nike	4.59230769231	2015
1821	Jordan	1.0	2017
1822	Adidas	0.5	2015
1823	Nike	0.5	2014
1824	Jordan	1.02777777778	2015
1825	Nike	1.2333333333299998	2015
1826	Jordan	1.2333333333299998	2016
1827	Nike	0.74297188755	2005
1828	Adidas	0.925	2017
1829	Nike	0.243636363636	2017
1830	Adidas	0.7052631578949999	2016
1831	Nike	0.335	2016
1832	Jordan	1.55	2013
1833	Nike	1.4466666666699999	2017
1834	Jordan	1.4466666666699999	2005
1835	Jordan	0.789090909091	2016
1836	Nike	2.1307692307700004	2015
1837	Nike	2.3083333333300002	2016
1838	Jordan	1.11428571429	2012
1839	Adidas	0.975	2016
1840	Nike	0.78	2009
1841	Nike	1.3	2015
1842	Nike	1.53818181818	2015
1843	Jordan	3.384	2007
1844	Jordan	3.84545454545	2007
1845	Jordan	2.41714285714	2005
1846	Jordan	1.36451612903	2010
1847	Nike	1.3066666666700002	2013
1848	Jordan	1.4	2017
1849	Nike	1.12	2015
1850	Nike	1.03684210526	2017
1851	Jordan	1.7130434782600001	2013
1852	Adidas	0.985	2017
1853	Nike	1.98	2015
1854	Adidas	2.12142857143	2017
1855	Adidas	1.7470588235299997	2016
1856	Adidas	1.65	2016
1857	Jordan	2.12142857143	2014
1858	Nike	0.5705882352939999	2014
1859	Nike	0.692857142857	2016
1860	Nike	0.38799999999999996	2009
1861	Jordan	1.1263157894700002	2015
1862	Nike	0.856	2014
1863	Jordan	1.4266666666699999	2015
1864	Nike	1.07	2014
1865	Nike	1.4266666666699999	2016
1866	Nike	1.4266666666699999	2016
1867	Adidas	0.7266666666670001	2016
1868	Nike	1.09	2014
1869	Jordan	0.7785714285709999	2016
1870	Nike	0.9478260869570001	2014
1871	Adidas	0.9083333333329999	2016
1872	Jordan	1.0	2016
1873	Nike	0.957446808511	2013
1874	Jordan	1.9565217391299998	2007
1875	Nike	1.7307692307700002	2013
1876	Nike	1.10769230769	2013
1877	Jordan	1.2	2000
1878	Nike	1.94	2014
1879	Jordan	1.53157894737	2015
1880	Nike	1.2652173913	2014
1881	Jordan	2.91	2003
1882	Nike	1.0	2005
1883	Adidas	0.983333333333	2016
1884	Nike	1.475	2014
1885	Jordan	2.4	2009
1886	Adidas	1.63636363636	2016
1887	Jordan	3.1304347826099996	2006
1888	Nike	1.4210526315799998	2017
1889	Jordan	1.6714285714300001	2017
1890	Nike	1.4625	2014
1891	Nike	1.17	2008
1892	Jordan	1.1733333333299998	2014
